# Seaborn Diamonds EDA Report




## 기초 기술 통계

### 1) 전체 기술통계 (describe)

```
              carat         depth         table         price             x             y             z
count  53940.000000  53940.000000  53940.000000  53940.000000  53940.000000  53940.000000  53940.000000
mean       0.797940     61.749405     57.457184   3932.799722      5.731157      5.734526      3.538734
std        0.474011      1.432621      2.234491   3989.439738      1.121761      1.142135      0.705699
min        0.200000     43.000000     43.000000    326.000000      0.000000      0.000000      0.000000
25%        0.400000     61.000000     56.000000    950.000000      4.710000      4.720000      2.910000
50%        0.700000     61.800000     57.000000   2401.000000      5.700000      5.710000      3.530000
75%        1.040000     62.500000     59.000000   5324.250000      6.540000      6.540000      4.040000
max        5.010000     79.000000     95.000000  18823.000000     10.740000     58.900000     31.800000
```

### 2) Price 요약 통계

```
mean       3932.799722
median     2401.000000
std        3989.439738
min         326.000000
max       18823.000000
```

### 3) Carat 요약 통계

```
mean      0.797940
median    0.700000
std       0.474011
min       0.200000
max       5.010000
```

### 4) Cut 분포 (value_counts)

```
cut
Ideal        21551
Premium      13791
Very Good    12082
Good          4906
Fair          1610
```

### 5) Color 분포 (value_counts)

```
color
G    11292
E     9797
F     9542
H     8304
D     6775
I     5422
J     2808
```

### 6) 수치형 변수 상관관계

```
          carat     depth     table     price         x         y         z
carat  1.000000  0.028224  0.181618  0.921591  0.975094  0.951722  0.953387
depth  0.028224  1.000000 -0.295779 -0.010647 -0.025289 -0.029341  0.094924
table  0.181618 -0.295779  1.000000  0.127134  0.195344  0.183760  0.150929
price  0.921591 -0.010647  0.127134  1.000000  0.884435  0.865421  0.861249
x      0.975094 -0.025289  0.195344  0.884435  1.000000  0.974701  0.970772
y      0.951722 -0.029341  0.183760  0.865421  0.974701  1.000000  0.952006
z      0.953387  0.094924  0.150929  0.861249  0.970772  0.952006  1.000000
```

## 시각화 1: 가격 히스토그램

![](diamond/images/price_hist.png)


**Price by Cut (mean, median, count)**


| cut       |   ('mean', 'price') |   ('median', 'price') |   ('count', 'price') |
|:----------|--------------------:|----------------------:|---------------------:|
| Ideal     |             3457.54 |                1810   |                21551 |
| Premium   |             4584.26 |                3185   |                13791 |
| Very Good |             3981.76 |                2648   |                12082 |
| Good      |             3928.86 |                3050.5 |                 4906 |
| Fair      |             4358.76 |                3282   |                 1610 |

## 시각화 2: Cut 별 가격 박스플롯

![](diamond/images/price_box_by_cut.png)


**Cut 별 Price 통계 (median, mean, std, min, max)**


| cut       |   median |    mean |     std |   min |   max |
|:----------|---------:|--------:|--------:|------:|------:|
| Ideal     |   1810   | 3457.54 | 3808.4  |   326 | 18806 |
| Premium   |   3185   | 4584.26 | 4349.2  |   326 | 18823 |
| Very Good |   2648   | 3981.76 | 3935.86 |   336 | 18818 |
| Good      |   3050.5 | 3928.86 | 3681.59 |   327 | 18788 |
| Fair      |   3282   | 4358.76 | 3560.39 |   337 | 18574 |

## 시각화 3: Carat 대비 Price 산점도 (Clarity 색상)

![](diamond/images/price_vs_carat_scatter.png)


**Clarity 별 평균/중앙값/건수 (price) 및 평균 carat**


| clarity   |   ('carat', 'mean') |   ('price', 'count') |   ('price', 'mean') |   ('price', 'median') |
|:----------|--------------------:|---------------------:|--------------------:|----------------------:|
| IF        |            0.505123 |                 1790 |             2864.84 |                  1080 |
| VVS1      |            0.503321 |                 3655 |             2523.11 |                  1093 |
| VVS2      |            0.596202 |                 5066 |             3283.74 |                  1311 |
| VS1       |            0.727158 |                 8171 |             3839.46 |                  2005 |
| VS2       |            0.763935 |                12258 |             3924.99 |                  2054 |
| SI1       |            0.850482 |                13065 |             3996    |                  2822 |
| SI2       |            1.07765  |                 9194 |             5063.03 |                  4072 |
| I1        |            1.28385  |                  741 |             3924.17 |                  3344 |

## 시각화 4: Cut 빈도 수

![](diamond/images/cut_count.png)


**Cut 빈도표**


| cut       |   count |
|:----------|--------:|
| Ideal     |   21551 |
| Premium   |   13791 |
| Very Good |   12082 |
| Good      |    4906 |
| Fair      |    1610 |

## 시각화 5: Color 별 Price 분포 (Violin)

![](diamond/images/price_violin_by_color.png)


**Color 별 Price 요약 통계**


| color   |    mean |   median |     std |   count |
|:--------|--------:|---------:|--------:|--------:|
| D       | 3169.95 |   1838   | 3356.59 |    6775 |
| E       | 3076.75 |   1739   | 3344.16 |    9797 |
| F       | 3724.89 |   2343.5 | 3784.99 |    9542 |
| G       | 3999.14 |   2242   | 4051.1  |   11292 |
| H       | 4486.67 |   3460   | 4215.94 |    8304 |
| I       | 5091.87 |   3730   | 4722.39 |    5422 |
| J       | 5323.82 |   4234   | 4438.19 |    2808 |

## 시각화 6: 수치형 변수 상관관계 히트맵

![](diamond/images/correlation_heatmap.png)


**상관계수 행렬**


```
          carat     depth     table     price         x         y         z
carat  1.000000  0.028224  0.181618  0.921591  0.975094  0.951722  0.953387
depth  0.028224  1.000000 -0.295779 -0.010647 -0.025289 -0.029341  0.094924
table  0.181618 -0.295779  1.000000  0.127134  0.195344  0.183760  0.150929
price  0.921591 -0.010647  0.127134  1.000000  0.884435  0.865421  0.861249
x      0.975094 -0.025289  0.195344  0.884435  1.000000  0.974701  0.970772
y      0.951722 -0.029341  0.183760  0.865421  0.974701  1.000000  0.952006
z      0.953387  0.094924  0.150929  0.861249  0.970772  0.952006  1.000000
```